kptopt 1
ngkpt 1 1 1
nshiftk 1
shiftk
0.0 0.0 0.0
chksymbreak 0
ecut 1632 eV
ixc 7
natom 26
nsppol 1
nstep 40
toldfe 1e-06 eV
#Definition of the unit cell
acell
1.00000000000000 1.00000000000000 1.00000000000000 Angstrom
rprim
5.44627400000000 -4.51899400000000 0.00000000000000
5.44627400000000 4.51899400000000 0.00000000000000
1.69668100000000 0.00000000000000 6.87055200000000
chkprim 0 # Allow non-primitive cells
#Definition of the atom types
ntypat 3
znucl 6 14 74
#Enumerate different atomic species
typat
 2 3 3 3 3 3 3 3 3 3 3 3 3 3 3 3 3 3 3 1 1 1
 1 1 1 1
#Definition of the atoms
xcart
9.52614827483739 2.85504779093228 10.83246556091902
12.26467168916188 5.70418613643574 10.42935504474862
4.43569486084061 -0.00803582102387 6.02336541242163
6.70472146298515 2.74265731219146 1.86572343383425
14.68839460150425 -2.84088903295399 6.16663791132463
16.98763342120813 -0.01209216001041 1.77525467331263
11.53555661293838 -5.69209397642533 2.53572198692808
12.25463833250553 -5.69209397642533 10.44773962639308
6.71138911031116 -2.73462149116760 1.85350599645612
17.07880583513275 -2.73462149116759 11.12995561686505
12.34318959723228 0.01445764611414 10.46386508571683
19.35450008460329 -0.00803582102387 6.96009620089953
17.08547348245876 2.74265731219146 11.11773817948691
14.70039069812798 2.82643138683985 6.14465691081328
9.10180034393966 -2.84088903295399 6.81682370199653
11.44700534821163 0.01445764611414 2.51959652760433
9.08980424731593 2.82643138683985 6.83880470250788
11.52552325628202 5.70418613643574 2.55410656857254
6.80256152423578 -0.01209216001041 11.20820694000853
11.89509747272195 -5.71009558186456 6.49173080666058
7.93751441846580 5.70208537982376 4.31417059179758
14.26404667060651 2.85504779093228 2.15099605240214
0.00000000000000 0.00000000000000 0.00000000000000
10.29196626626639 -2.86450973534720 0.00000000000000
11.89509747272195 0.00000000000000 6.49173080666058
5.56071426071172 -2.83757564447656 8.66929102152358
chkexit 1 # abinit.exit file in the running directory terminates after the current SCF
